   1.00000005E-03   30.7741528    
   1.09999999E-02   10.1057587    
   2.09999997E-02   7.89390945    
   3.09999995E-02   6.47370243    
   4.09999974E-02   5.37109089    
   5.09999953E-02   4.92396832    
   6.09999970E-02   4.59002876    
   7.10000023E-02   4.24051952    
   8.10000002E-02   4.23465014    
   9.09999982E-02   3.81919622    
  0.100999996       3.61514497    
  0.111000001       3.57659745    
  0.120999999       3.54185081    
  0.130999997       3.35097647    
  0.141000003       3.36192250    
  0.150999993       3.20789099    
  0.160999998       3.19634891    
  0.171000004       3.10978103    
  0.180999994       3.06190610    
  0.191000000       2.97192693    
  0.200999990       2.91956949    
  0.210999995       2.88462138    
  0.221000001       2.84831166    
  0.230999991       2.82859302    
  0.240999997       2.83533573    
  0.250999987       2.79150200    
  0.260999978       2.76793218    
  0.270999968       2.73777127    
  0.280999988       2.69078875    
  0.290999979       2.62860060    
  0.300999969       2.62707925    
  0.310999990       2.55002284    
  0.320999980       2.51322937    
  0.330999970       2.59666038    
  0.340999991       2.53510880    
  0.350999981       2.52282572    
  0.360999972       2.53567195    
  0.370999992       2.46344066    
  0.380999982       2.52949309    
  0.390999973       2.43152404    
  0.400999963       2.42356467    
  0.410999984       2.46640992    
  0.420999974       2.44559860    
  0.430999964       2.40190101    
  0.440999985       2.41116881    
  0.450999975       2.32937551    
  0.460999966       2.40258837    
  0.470999986       2.33661962    
  0.480999976       2.40855885    
  0.490999967       2.33089805    
  0.500999987       2.37324309    
  0.510999978       2.37205911    
  0.520999968       2.35004759    
  0.530999959       2.36410904    
  0.540999949       2.33859134    
  0.550999999       2.34933686    
  0.560999990       2.31485438    
  0.570999980       2.32337856    
  0.580999970       2.31087804    
  0.590999961       2.31491470    
  0.600999951       2.28288913    
  0.611000001       2.27885842    
  0.620999992       2.30696368    
  0.630999982       2.26099658    
  0.640999973       2.33293247    
  0.650999963       2.30903816    
  0.660999954       2.27780771    
  0.670999944       2.32640243    
  0.680999994       2.28648424    
  0.690999985       2.28105092    
  0.700999975       2.35945868    
  0.710999966       2.27724218    
  0.720999956       2.32276583    
  0.730999947       2.29576135    
  0.740999997       2.31685925    
  0.750999987       2.30544686    
  0.760999978       2.31225538    
  0.770999968       2.27255607    
  0.780999959       2.27170944    
  0.790999949       2.31210947    
  0.800999939       2.30845666    
  0.810999990       2.31172466    
  0.820999980       2.25319695    
  0.830999970       2.31794763    
  0.840999961       2.31389737    
  0.850999951       2.31730652    
  0.860999942       2.29858994    
  0.870999992       2.34962153    
  0.880999982       2.32486653    
  0.890999973       2.30209613    
  0.900999963       2.27227068    
  0.910999954       2.28072667    
  0.920999944       2.31833100    
  0.930999994       2.33379436    
  0.940999985       2.31058550    
  0.950999975       2.31401467    
  0.960999966       2.34751630    
  0.970999956       2.35564613    
  0.980999947       2.37548852    
  0.990999937       2.33117533    
   1.00100005       2.33183527    
   1.01100004       2.33079386    
   1.02100003       2.33415771    
   1.03100002       2.34875679    
   1.04100001       2.35599875    
   1.05100000       2.36501074    
   1.06099999       2.34502697    
   1.07099998       2.39585900    
   1.08099997       2.36809134    
   1.09100008       2.37904096    
   1.10100007       2.37671757    
   1.11100006       2.37582016    
   1.12100005       2.40492105    
   1.13100004       2.37833858    
   1.14100003       2.40241313    
   1.15100002       2.41830969    
   1.16100001       2.37089753    
   1.17100000       2.43073010    
   1.18099999       2.39176512    
   1.19099998       2.37859058    
   1.20099998       2.45926285    
   1.21099997       2.44317794    
   1.22100008       2.47802877    
   1.23100007       2.43734336    
   1.24100006       2.44370937    
   1.25100005       2.46238136    
   1.26100004       2.46255064    
   1.27100003       2.46553040    
   1.28100002       2.46029091    
   1.29100001       2.50212550    
   1.30100000       2.48386455    
   1.31099999       2.49993324    
   1.32099998       2.46573710    
   1.33099997       2.50507069    
   1.34099996       2.51431918    
   1.35100007       2.48511720    
   1.36100006       2.50188112    
   1.37100005       2.52670717    
   1.38100004       2.51594305    
   1.39100003       2.55804920    
   1.40100002       2.59325528    
   1.41100001       2.57175922    
   1.42100000       2.55028701    
   1.43099999       2.57748008    
   1.44099998       2.53690767    
   1.45099998       2.56910801    
   1.46099997       2.55026889    
   1.47099996       2.60348654    
   1.48100007       2.61689925    
   1.49100006       2.60430861    
   1.50100005       2.62551093    
   1.51100004       2.64886189    
   1.52100003       2.65079856    
   1.53100002       2.64548469    
   1.54100001       2.67675686    
   1.55100000       2.61603737    
   1.56099999       2.67983842    
   1.57099998       2.71598101    
   1.58099997       2.70194745    
   1.59099996       2.67617369    
   1.60099995       2.68554139    
   1.61100006       2.68778396    
   1.62100005       2.73106050    
   1.63100004       2.69276452    
   1.64100003       2.73949504    
   1.65100002       2.74646783    
   1.66100001       2.74790144    
   1.67100000       2.79252696    
   1.68099999       2.77263403    
   1.69099998       2.76284504    
   1.70099998       2.81865168    
   1.71099997       2.78133345    
   1.72099996       2.77240896    
   1.73100007       2.80866432    
   1.74100006       2.75600719    
   1.75100005       2.84220982    
   1.76100004       2.79922152    
   1.77100003       2.83153629    
   1.78100002       2.89968491    
   1.79100001       2.86853814    
   1.80100000       2.87276530    
   1.81099999       2.89592099    
   1.82099998       2.91284204    
   1.83099997       2.88893294    
   1.84099996       2.92909169    
   1.85099995       2.95098996    
   1.86100006       2.93469691    
   1.87100005       2.93308997    
   1.88100004       2.92957354    
   1.89100003       2.91631436    
   1.90100002       2.99174953    
   1.91100001       2.98501682    
   1.92100000       2.98851418    
   1.93099999       3.00781441    
   1.94099998       3.00669956    
   1.95099998       3.05126405    
   1.96099997       3.02620220    
   1.97099996       3.07296324    
   1.98099995       3.00732279    
   1.99100006       3.08114767    
   2.00099993       3.10181022    
   2.01099992       3.03720570    
   2.02099991       3.11899781    
   2.03099990       3.10549736    
   2.04099989       3.06793094    
   2.05099988       3.13327575    
   2.06099987       3.13478756    
   2.07099986       3.17724633    
   2.08099985       3.18710089    
   2.09099984       3.20798612    
   2.10099983       3.16180658    
   2.11099982       3.20233488    
   2.12099981       3.26458025    
   2.13099980       3.23785925    
   2.14099979       3.20468211    
   2.15099978       3.21660995    
   2.16099977       3.26054835    
   2.17099977       3.27530193    
   2.18099999       3.27970695    
   2.19099998       3.31790042    
   2.20099998       3.33781624    
   2.21099997       3.34630084    
   2.22099996       3.35493898    
   2.23099995       3.31332755    
   2.24099994       3.36773705    
   2.25099993       3.34716702    
   2.26099992       3.39759660    
   2.27099991       3.36355639    
   2.28099990       3.47652721    
   2.29099989       3.42912483    
   2.30099988       3.44109297    
   2.31099987       3.43191481    
   2.32099986       3.48243046    
   2.33099985       3.46877003    
   2.34099984       3.50147796    
   2.35099983       3.46990466    
   2.36099982       3.55077338    
   2.37099981       3.48366237    
   2.38099980       3.55788422    
   2.39099979       3.60988927    
   2.40099978       3.54528475    
   2.41099977       3.64114809    
   2.42099977       3.60972261    
   2.43099976       3.60969067    
   2.44099998       3.60659957    
   2.45099998       3.64206719    
   2.46099997       3.65521932    
   2.47099996       3.69914913    
   2.48099995       3.66730547    
   2.49099994       3.66224456    
   2.50099993       3.71802831    
   2.51099992       3.77021694    
   2.52099991       3.82765269    
   2.53099990       3.81235504    
   2.54099989       3.72297478    
   2.55099988       3.84370375    
   2.56099987       3.83495307    
   2.57099986       3.83939910    
   2.58099985       3.90148854    
   2.59099984       3.87829876    
   2.60099983       3.91996074    
   2.61099982       3.87388372    
   2.62099981       3.87363672    
   2.63099980       3.88393164    
   2.64099979       3.91889310    
   2.65099978       3.92455387    
   2.66099977       3.93796921    
   2.67099977       3.98847294    
   2.68099976       4.01210117    
   2.69099998       4.06164074    
   2.70099998       4.07461977    
   2.71099997       4.11252642    
   2.72099996       4.01890850    
   2.73099995       4.08643246    
   2.74099994       4.03043795    
   2.75099993       4.17701626    
   2.76099992       4.03129959    
   2.77099991       4.18553782    
   2.78099990       4.20498991    
   2.79099989       4.14869690    
   2.80099988       4.20463037    
   2.81099987       4.26954556    
   2.82099986       4.28364038    
   2.83099985       4.22296190    
   2.84099984       4.28060102    
   2.85099983       4.30137539    
   2.86099982       4.27198267    
   2.87099981       4.41560650    
   2.88099980       4.34889793    
   2.89099979       4.44967985    
   2.90099978       4.35970259    
   2.91099977       4.41206169    
   2.92099977       4.35710287    
   2.93099976       4.48696709    
   2.94099975       4.41132355    
   2.95099998       4.44435167    
   2.96099997       4.46352720    
   2.97099996       4.52847195    
   2.98099995       4.60974264    
   2.99099994       4.59890270    
   3.00099993       4.58624220    
   3.01099992       4.59998894    
   3.02099991       4.63584375    
   3.03099990       4.62079048    
   3.04099989       4.67937946    
   3.05099988       4.70061541    
   3.06099987       4.71297884    
   3.07099986       4.65903139    
   3.08099985       4.73050737    
   3.09099984       4.65312910    
   3.10099983       4.80538750    
   3.11099982       4.76362038    
   3.12099981       4.78256989    
   3.13099980       4.91516733    
   3.14099979       4.87624407    
   3.15099978       4.88481283    
   3.16099977       4.96850491    
   3.17099977       5.01961803    
   3.18099976       5.03007126    
   3.19099975       4.97287416    
   3.20099974       5.04670095    
   3.21099997       5.08351183    
   3.22099996       5.02657986    
   3.23099995       5.01209927    
   3.24099994       5.15294266    
   3.25099993       5.18545151    
   3.26099992       5.07089806    
   3.27099991       5.15740395    
   3.28099990       5.20253849    
   3.29099989       5.17326641    
   3.30099988       5.24179745    
   3.31099987       5.27055073    
   3.32099986       5.30859518    
   3.33099985       5.20537615    
   3.34099984       5.38338041    
   3.35099983       5.35353184    
   3.36099982       5.46396399    
   3.37099981       5.45032358    
   3.38099980       5.44934654    
   3.39099979       5.45930290    
   3.40099978       5.44914961    
   3.41099977       5.50367308    
   3.42099977       5.52970362    
   3.43099976       5.57132101    
   3.44099975       5.59921169    
   3.45099974       5.60697079    
   3.46099997       5.61049604    
   3.47099996       5.63644981    
   3.48099995       5.64801216    
   3.49099994       5.64345360    
   3.50099993       5.76729631    
   3.51099992       5.73598480    
   3.52099991       5.79471588    
   3.53099990       5.79937744    
   3.54099989       5.94665861    
   3.55099988       5.87701941    
   3.56099987       5.95734835    
   3.57099986       5.82571650    
   3.58099985       5.86094046    
   3.59099984       5.97512531    
   3.60099983       5.98560286    
   3.61099982       6.06871176    
   3.62099981       6.03521013    
   3.63099980       6.05918360    
   3.64099979       6.11198139    
   3.65099978       6.16671610    
   3.66099977       6.24214840    
   3.67099977       6.13922024    
   3.68099976       6.37634134    
   3.69099975       6.33246422    
   3.70099974       6.46599865    
   3.71099973       6.34859943    
   3.72099996       6.32303047    
   3.73099995       6.44442415    
   3.74099994       6.46258879    
   3.75099993       6.48841476    
   3.76099992       6.38529873    
   3.77099991       6.46561193    
   3.78099990       6.48395824    
   3.79099989       6.54503012    
   3.80099988       6.57922888    
   3.81099987       6.60281849    
   3.82099986       6.81599474    
   3.83099985       6.59261560    
   3.84099984       6.74230003    
   3.85099983       6.68937874    
   3.86099982       6.92905855    
   3.87099981       6.83013344    
   3.88099980       6.92195845    
   3.89099979       6.95943451    
   3.90099978       6.88783598    
   3.91099977       6.85418463    
   3.92099977       6.95232582    
   3.93099976       7.03363895    
   3.94099975       7.05602741    
   3.95099974       7.11508179    
   3.96099973       7.09637642    
   3.97099996       7.17220068    
   3.98099995       7.18308830    
   3.99099994       7.34912777    
