   1.00000005E-03   892.583313    
   1.09999999E-02   184.389328    
   2.09999997E-02   106.754578    
   3.09999995E-02   77.9545059    
   4.09999974E-02   58.8106461    
   5.09999953E-02   52.5714989    
   6.09999970E-02   45.1688576    
   7.10000023E-02   39.5908775    
   8.10000002E-02   36.2440300    
   9.09999982E-02   33.5676155    
  0.100999996       31.4106178    
  0.111000001       29.4873753    
  0.120999999       27.5494022    
  0.130999997       25.9435921    
  0.141000003       25.4937172    
  0.150999993       24.1303120    
  0.160999998       23.0980644    
  0.171000004       22.8978691    
  0.180999994       22.3906898    
  0.191000000       21.4351254    
  0.200999990       20.7657967    
  0.210999995       20.1920395    
  0.221000001       20.3331490    
  0.230999991       19.7731152    
  0.240999997       19.6477470    
  0.250999987       19.3536587    
  0.260999978       19.3418560    
  0.270999968       18.8895550    
  0.280999988       18.9861202    
  0.290999979       18.5687389    
  0.300999969       18.0899162    
  0.310999990       18.4603310    
  0.320999980       17.7922840    
  0.330999970       17.9059238    
  0.340999991       17.3634853    
  0.350999981       17.4524364    
  0.360999972       17.1062164    
  0.370999992       17.3497276    
  0.380999982       17.5161781    
  0.390999973       17.5919609    
  0.400999963       17.2111912    
  0.410999984       17.2415981    
  0.420999974       17.3748493    
  0.430999964       17.0949421    
  0.440999985       17.2779942    
  0.450999975       17.0546436    
  0.460999966       17.3992023    
  0.470999986       17.0676842    
  0.480999976       17.0641804    
  0.490999967       17.3160267    
  0.500999987       17.3693409    
  0.510999978       17.1589203    
  0.520999968       17.4012909    
  0.530999959       17.1827888    
  0.540999949       17.4869690    
  0.550999999       17.3073292    
  0.560999990       17.1473904    
  0.570999980       17.3780575    
  0.580999970       17.6818180    
  0.590999961       17.7952366    
  0.600999951       17.6190910    
  0.611000001       17.8061123    
  0.620999992       18.1940498    
  0.630999982       17.9367599    
  0.640999973       18.2315178    
  0.650999963       18.2946854    
  0.660999954       18.0969181    
  0.670999944       18.0700455    
  0.680999994       18.2575607    
  0.690999985       18.6600571    
  0.700999975       18.5623474    
  0.710999966       18.3515053    
  0.720999956       19.0202923    
  0.730999947       19.0724602    
  0.740999997       18.9366627    
  0.750999987       19.1991367    
  0.760999978       19.2192364    
  0.770999968       19.1512699    
  0.780999959       19.4140110    
  0.790999949       19.4532051    
  0.800999939       19.9332275    
  0.810999990       19.6306210    
  0.820999980       20.3335247    
  0.830999970       20.2603855    
  0.840999961       20.5351963    
  0.850999951       20.2384377    
  0.860999942       20.4195156    
  0.870999992       20.8544388    
  0.880999982       21.4065647    
  0.890999973       20.9667492    
  0.900999963       21.5512466    
  0.910999954       21.9011917    
  0.920999944       21.7530804    
  0.930999994       21.8574486    
  0.940999985       22.1840286    
  0.950999975       21.7613220    
  0.960999966       22.2040997    
  0.970999956       22.7046051    
  0.980999947       23.0698776    
  0.990999937       22.5079651    
   1.00100005       23.6060658    
   1.01100004       23.2663803    
   1.02100003       23.3708038    
   1.03100002       24.0568295    
   1.04100001       23.8619804    
   1.05100000       24.4065018    
   1.06099999       24.4738750    
   1.07099998       24.9272385    
   1.08099997       24.5495720    
   1.09100008       25.2053986    
   1.10100007       25.2534904    
   1.11100006       26.0113297    
   1.12100005       25.6883087    
   1.13100004       26.0380287    
   1.14100003       26.1594582    
   1.15100002       27.1070862    
   1.16100001       27.3998833    
   1.17100000       27.0930309    
   1.18099999       27.5125523    
   1.19099998       27.6778088    
   1.20099998       28.0545120    
   1.21099997       28.3479939    
   1.22100008       28.3608589    
   1.23100007       28.5507069    
   1.24100006       28.3109188    
   1.25100005       29.6702976    
   1.26100004       29.7366467    
   1.27100003       30.1271877    
   1.28100002       30.5659294    
   1.29100001       30.8458939    
   1.30100000       30.7142620    
   1.31099999       31.2785988    
   1.32099998       31.8181076    
   1.33099997       31.4943619    
   1.34099996       32.4552727    
   1.35100007       32.6371498    
   1.36100006       32.6993561    
   1.37100005       33.4323158    
   1.38100004       34.2239380    
   1.39100003       34.5551414    
   1.40100002       34.2291985    
   1.41100001       34.4407578    
   1.42100000       34.6615295    
   1.43099999       35.5579910    
   1.44099998       36.1834946    
   1.45099998       35.9151955    
   1.46099997       37.1341515    
   1.47099996       37.1106758    
   1.48100007       37.5090179    
   1.49100006       38.5684280    
   1.50100005       38.3711700    
   1.51100004       38.0037575    
   1.52100003       39.2329063    
   1.53100002       39.3839684    
   1.54100001       39.8609123    
   1.55100000       40.8375816    
   1.56099999       41.5386429    
   1.57099998       41.2376137    
   1.58099997       42.1312561    
   1.59099996       42.2330780    
   1.60099995       43.4008980    
   1.61100006       43.5192719    
   1.62100005       44.1044350    
   1.63100004       44.8446579    
   1.64100003       44.2930031    
   1.65100002       45.4636612    
   1.66100001       45.4788094    
   1.67100000       46.6678123    
   1.68099999       47.0299454    
   1.69099998       46.5194550    
   1.70099998       48.4153519    
   1.71099997       48.8399620    
   1.72099996       49.9895325    
   1.73100007       50.2688255    
   1.74100006       50.9504738    
   1.75100005       52.0500870    
   1.76100004       51.4507561    
   1.77100003       52.3561974    
   1.78100002       52.3800735    
   1.79100001       52.4443893    
   1.80100000       54.2995224    
   1.81099999       55.4037132    
   1.82099998       55.4686966    
   1.83099997       55.8714256    
   1.84099996       58.5396385    
   1.85099995       57.5249214    
   1.86100006       57.9412346    
   1.87100005       58.3664970    
   1.88100004       59.5252113    
   1.89100003       60.5124397    
   1.90100002       60.9048386    
   1.91100001       62.2530746    
   1.92100000       62.4854584    
   1.93099999       63.8499374    
   1.94099998       64.6114655    
   1.95099998       65.2118378    
   1.96099997       65.9343491    
   1.97099996       66.2077332    
   1.98099995       68.5327148    
   1.99100006       68.1731567    
