   1.00000005E-03   85.0794449    
   1.09999999E-02   35.2269402    
   2.09999997E-02   26.5064812    
   3.09999995E-02   23.1982574    
   4.09999974E-02   21.6512947    
   5.09999953E-02   19.7713375    
   6.09999970E-02   19.2163067    
   7.10000023E-02   18.3646049    
   8.10000002E-02   17.6110382    
   9.09999982E-02   17.6333599    
  0.100999996       16.9533558    
  0.111000001       16.6865807    
  0.120999999       16.6715050    
  0.130999997       15.9113474    
  0.141000003       15.9581842    
  0.150999993       15.7681541    
  0.160999998       15.8810616    
  0.171000004       15.6589184    
  0.180999994       15.5667238    
  0.191000000       15.8107138    
  0.200999990       15.5056524    
  0.210999995       15.7734423    
  0.221000001       15.6126156    
  0.230999991       15.3025274    
  0.240999997       15.7691851    
  0.250999987       15.6423120    
  0.260999978       15.9049072    
  0.270999968       15.8202143    
  0.280999988       15.4242210    
  0.290999979       15.8223543    
  0.300999969       15.9972734    
  0.310999990       15.8844080    
  0.320999980       15.8863277    
  0.330999970       16.4351864    
  0.340999991       16.1687164    
  0.350999981       16.3310280    
  0.360999972       16.4795666    
  0.370999992       16.5784531    
  0.380999982       16.4793396    
  0.390999973       16.7339077    
  0.400999963       16.9297371    
  0.410999984       16.7852650    
  0.420999974       16.9584465    
  0.430999964       17.2436428    
  0.440999985       17.1898232    
  0.450999975       17.2682438    
  0.460999966       17.4485378    
  0.470999986       17.8564892    
  0.480999976       17.5621834    
  0.490999967       17.8878651    
  0.500999987       18.2541885    
  0.510999978       18.2470226    
  0.520999968       18.1588840    
  0.530999959       18.4395390    
  0.540999949       18.5875816    
  0.550999999       18.7054806    
  0.560999990       19.2226925    
  0.570999980       19.3744507    
  0.580999970       18.9428120    
  0.590999961       19.2952938    
  0.600999951       19.2754059    
  0.611000001       19.4842110    
  0.620999992       20.1451283    
  0.630999982       20.1988792    
  0.640999973       20.4353466    
  0.650999963       20.7314548    
  0.660999954       21.0648327    
  0.670999944       20.5619202    
  0.680999994       20.9566975    
  0.690999985       20.9597855    
  0.700999975       21.6606331    
  0.710999966       21.5155087    
  0.720999956       21.8678894    
  0.730999947       22.3707237    
  0.740999997       22.2514534    
  0.750999987       22.5470047    
  0.760999978       23.1321774    
  0.770999968       22.9389420    
  0.780999959       23.5028419    
  0.790999949       23.3595562    
  0.800999939       23.7185841    
  0.810999990       23.7391529    
  0.820999980       23.9650898    
  0.830999970       24.4875298    
  0.840999961       24.9575481    
  0.850999951       25.1506138    
  0.860999942       25.0222778    
  0.870999992       25.3839626    
  0.880999982       25.7346077    
  0.890999973       26.1133633    
  0.900999963       26.6045780    
  0.910999954       26.2745533    
  0.920999944       26.6691246    
  0.930999994       27.1464844    
  0.940999985       27.2607002    
  0.950999975       27.4008770    
  0.960999966       27.9494839    
  0.970999956       28.1512585    
  0.980999947       28.5895557    
  0.990999937       28.7735291    
   1.00100005       28.9581890    
   1.01100004       29.6458721    
   1.02100003       29.6412277    
   1.03100002       29.8874588    
   1.04100001       30.5340576    
   1.05100000       30.6870632    
   1.06099999       30.0921154    
   1.07099998       31.4957447    
   1.08099997       31.9398708    
   1.09100008       31.8333530    
   1.10100007       32.0957680    
   1.11100006       32.7650909    
   1.12100005       32.9120178    
   1.13100004       33.0986176    
   1.14100003       33.3627701    
   1.15100002       33.9617577    
   1.16100001       34.0769234    
   1.17100000       34.7204628    
   1.18099999       35.4347420    
   1.19099998       34.9415474    
   1.20099998       35.6264725    
   1.21099997       35.8315620    
   1.22100008       35.9781570    
   1.23100007       37.0260201    
   1.24100006       37.2443771    
   1.25100005       37.7474670    
   1.26100004       38.3242683    
   1.27100003       38.8910484    
   1.28100002       39.6243324    
   1.29100001       39.4797897    
   1.30100000       40.5642967    
   1.31099999       40.2584152    
   1.32099998       40.6231995    
   1.33099997       41.0083237    
   1.34099996       42.2506332    
   1.35100007       42.1226158    
   1.36100006       42.6294136    
   1.37100005       42.5163307    
   1.38100004       43.8699646    
   1.39100003       44.1420708    
   1.40100002       44.3464165    
   1.41100001       44.4415970    
   1.42100000       45.9941521    
   1.43099999       46.1054077    
   1.44099998       46.7548180    
   1.45099998       46.3835869    
   1.46099997       48.1939087    
   1.47099996       48.6961403    
   1.48100007       48.7253761    
   1.49100006       48.8221054    
   1.50100005       48.9320831    
   1.51100004       49.8244247    
   1.52100003       50.3296051    
   1.53100002       51.6439362    
   1.54100001       51.9729118    
   1.55100000       52.7995911    
   1.56099999       52.7684708    
   1.57099998       53.7750702    
   1.58099997       54.8688278    
   1.59099996       54.7357521    
   1.60099995       56.4154243    
   1.61100006       56.6408615    
   1.62100005       57.6940689    
   1.63100004       57.6648407    
   1.64100003       57.9310341    
   1.65100002       58.6064720    
   1.66100001       59.3679199    
   1.67100000       60.1919174    
   1.68099999       61.4554100    
   1.69099998       61.6137123    
   1.70099998       62.6290779    
   1.71099997       61.7849312    
   1.72099996       64.5250626    
   1.73100007       64.9185410    
   1.74100006       64.2742615    
   1.75100005       65.4052124    
   1.76100004       65.9952316    
   1.77100003       67.6668625    
   1.78100002       68.1318283    
   1.79100001       69.4448700    
   1.80100000       69.4318619    
   1.81099999       70.8764648    
   1.82099998       70.7121964    
   1.83099997       71.0340729    
   1.84099996       73.3630753    
   1.85099995       73.0846863    
   1.86100006       75.2605438    
   1.87100005       75.2435913    
   1.88100004       75.7049942    
   1.89100003       77.6289520    
   1.90100002       78.3338013    
   1.91100001       79.4385147    
   1.92100000       78.9841919    
   1.93099999       81.8519745    
   1.94099998       81.6705704    
   1.95099998       82.5696411    
   1.96099997       82.4245377    
   1.97099996       83.1277847    
   1.98099995       85.4282608    
   1.99100006       85.1120453    
